11
5 1 11
30 2 15
33 4 16
34 7 2
36 11 13
38 12 14
39 15 8
40 16 13
46 17 5
49 19 12
90 21 19
107 26 13
108 28 17
122 29 11
130 30 4
142 35 20
165 40 15
193 41 20
218 42 7
218 43 16
236 46 2
238 47 4
246 49 13
248 53 7
290 54 20
290 55 11
300 59 11
318 61 4
322 62 10
339 65 6
360 66 4
366 67 12
392 68 12
416 72 13
448 77 17
451 82 20
455 84 12
466 90 20
467 91 11
497 92 17
502 98 12
504 99 18
517 102 14
520 104 9
526 105 18
544 106 11
558 108 4
580 109 17
616 111 10
622 112 12
623 116 15
632 117 12
640 118 5
655 119 7
658 121 12
662 125 11
668 126 3
671 128 5
676 129 11
680 130 5
685 132 14
694 134 2
699 135 8
704 136 20
709 137 5
711 140 18
711 141 11
716 142 2
720 143 2
735 145 6
748 149 3
748 150 13
753 151 13
762 153 15
763 154 20
766 155 8
785 157 18
789 159 3
799 161 11
801 164 20
820 166 11
826 167 18
833 168 2
847 170 17
877 172 1
880 174 20
901 175 13
904 177 20
904 181 17
913 182 11
925 185 13
937 188 9
956 190 15
959 192 5
977 193 19
978 194 11
980 195 2
988 196 16
990 197 2
997 200 12
