18
9 1 12
20 6 1
20 11 17
25 15 1
29 16 5
29 19 20
71 21 10
82 22 5
90 24 16
91 25 11
109 27 17
111 29 20
112 31 1
113 35 19
129 38 9
154 41 13
164 44 9
195 45 1
214 46 3
231 48 1
232 49 10
237 50 6
245 51 4
253 52 16
267 53 20
273 54 19
275 55 20
284 56 2
289 58 3
296 60 9
298 61 15
322 62 1
328 63 2
331 64 11
354 68 9
357 70 12
360 72 5
371 76 10
380 79 16
384 80 10
432 81 11
436 85 13
455 86 4
462 88 6
464 90 20
467 91 11
468 93 12
488 94 4
508 95 7
515 97 10
522 99 11
544 101 15
545 102 11
550 104 13
552 108 5
553 110 5
560 111 2
568 114 20
582 115 1
585 116 3
588 117 2
590 119 6
601 120 15
613 122 10
623 129 11
633 130 3
633 134 1
647 135 14
652 136 9
657 138 3
664 139 2
672 141 7
685 142 9
740 143 4
755 144 3
774 148 20
777 152 18
778 156 14
780 159 5
782 161 19
787 162 17
789 163 12
799 164 2
819 165 16
835 167 17
855 169 10
875 170 9
881 171 1
900 172 3
910 174 13
937 176 17
940 179 8
948 181 7
951 183 12
952 184 13
957 186 12
960 188 4
973 194 17
982 195 6
993 197 8
