72
1 1 88
1 5 88
1 7 32
1 9 60
1 10 86
1 11 100
1 13 20
1 16 72
1 19 70
1 21 4
1 23 54
2 25 97
2 27 42
2 28 99
2 30 49
2 31 38
2 32 27
2 33 22
2 35 29
2 36 95
2 37 64
2 40 28
2 41 48
2 42 99
2 44 32
3 46 91
3 47 91
3 48 31
3 50 24
3 53 18
3 54 30
3 56 8
3 58 84
3 60 40
3 62 75
3 69 34
3 74 47
3 84 90
4 89 32
4 93 72
4 94 56
4 95 37
4 96 80
4 97 47
4 98 85
4 101 77
4 106 75
4 110 85
4 111 86
5 115 88
5 116 46
5 118 50
5 119 1
5 120 87
5 122 9
5 123 14
5 124 13
5 125 28
5 126 51
5 129 43
6 130 86
6 135 72
6 137 50
6 140 55
6 143 69
6 144 61
6 145 97
6 146 60
6 147 74
7 149 99
7 152 86
7 153 49
7 156 20
7 157 68
7 158 5
7 159 34
7 161 30
7 163 91
8 164 95
8 173 67
8 174 32
8 175 12
8 176 70
8 177 59
8 178 100
8 179 58
8 184 46
8 185 24
8 187 56
8 188 76
9 189 21
9 190 77
9 191 76
9 192 86
9 193 69
9 195 93
9 198 68
9 199 25
9 200 45
9 201 87
9 202 91
9 203 14
9 204 26
10 205 39
10 209 44
10 213 4
10 214 13
10 215 12
10 217 97
11 218 73
11 220 64
11 221 97
11 222 28
11 226 66
11 228 4
11 229 20
11 232 44
11 233 72
11 235 1
11 239 50
11 241 30
11 242 39
12 245 98
12 252 66
12 255 17
12 256 44
12 257 80
12 258 48
12 259 49
12 260 78
12 261 49
12 262 81
12 263 61
12 264 39
12 265 93
12 266 62
12 268 18
12 270 77
12 271 89
12 272 43
12 273 46
12 275 5
13 278 80
13 281 70
13 282 76
13 287 66
13 288 54
13 293 16
13 296 41
14 300 70
14 301 28
14 304 2
14 305 57
14 307 11
14 308 86
14 309 94
14 311 7
14 313 94
14 315 73
15 318 16
15 319 100
15 320 6
15 321 47
15 325 54
15 326 38
15 328 50
15 329 23
15 330 21
15 331 55
15 333 23
16 336 47
16 342 60
16 343 97
16 344 29
16 348 53
16 363 17
16 364 58
16 368 77
16 370 100
16 371 94
16 375 4
16 376 37
16 377 64
16 378 36
16 380 16
17 381 20
17 382 22
17 383 94
17 384 53
17 388 45
17 390 16
17 393 77
18 397 24
18 399 81
18 400 10
18 401 38
18 404 24
18 406 86
18 407 43
18 408 42
18 410 58
19 412 3
19 413 99
19 414 44
19 415 63
19 416 86
19 417 35
19 418 93
19 420 24
20 421 80
20 422 84
20 424 95
20 426 87
20 429 53
20 430 94
20 431 78
20 432 10
20 435 55
20 437 68
20 438 69
21 439 99
21 441 51
21 442 53
21 444 55
21 446 33
21 452 9
21 455 2
21 456 91
21 461 42
21 464 45
21 466 95
21 467 88
22 468 75
22 469 32
22 471 38
22 475 83
22 476 97
22 479 82
22 481 73
22 482 83
23 484 34
23 485 57
23 487 37
23 489 31
23 490 16
23 492 71
23 493 12
23 494 34
24 495 47
24 499 46
24 501 21
24 503 98
24 504 27
24 505 13
24 509 15
24 510 34
24 514 2
24 515 78
24 516 84
24 518 36
24 521 46
24 523 67
25 524 71
25 525 70
25 526 48
25 527 85
25 528 82
25 531 33
25 532 42
25 534 82
26 535 2
26 537 48
26 538 24
26 540 16
27 543 62
27 547 62
27 550 33
27 551 27
27 552 41
27 554 63
27 558 65
27 559 60
27 560 78
28 561 36
28 563 56
28 564 24
28 572 27
28 575 60
28 576 24
28 577 66
28 578 40
28 579 47
28 580 68
28 582 22
28 583 84
28 585 52
28 586 74
28 588 44
28 594 87
28 595 100
28 596 18
28 599 62
29 600 94
29 601 56
29 603 15
29 604 95
29 606 17
29 607 74
29 608 8
29 611 2
29 614 81
29 616 59
29 618 5
30 621 92
30 622 45
30 627 82
30 629 64
30 631 99
30 634 93
30 636 91
30 637 21
30 638 55
30 639 30
31 640 41
31 644 82
31 647 61
31 652 56
31 655 83
31 657 80
31 658 66
31 660 96
32 662 16
32 663 51
32 666 89
32 671 90
32 676 26
32 678 58
32 680 87
33 681 83
33 682 46
33 684 15
33 687 94
33 688 43
33 692 82
33 695 13
33 696 97
33 697 67
33 699 67
33 703 91
33 705 62
33 706 90
34 707 60
34 708 36
34 710 20
34 715 37
34 717 93
34 718 24
34 720 82
34 721 3
35 722 6
35 723 28
35 724 19
35 725 6
36 726 64
36 727 93
36 728 39
36 734 50
36 735 34
36 736 9
36 737 37
36 738 32
36 740 97
36 741 29
36 744 10
37 745 45
37 746 18
37 749 37
37 751 37
37 754 10
37 756 40
38 757 91
38 761 15
38 762 5
38 763 69
38 765 57
38 767 85
38 768 18
38 769 76
38 772 66
38 775 13
38 776 11
39 777 60
39 779 89
39 782 49
39 784 34
39 785 33
39 786 35
39 787 7
39 790 51
40 792 11
40 805 8
40 806 76
40 810 21
40 813 9
40 814 22
40 815 8
40 818 100
40 820 58
41 822 62
41 823 8
41 828 91
41 830 11
41 831 1
41 832 37
42 833 79
42 834 39
42 835 94
42 837 16
42 839 16
42 840 73
42 841 48
42 843 44
42 846 52
43 850 40
43 851 96
43 852 27
43 854 15
43 857 86
43 859 20
43 860 81
43 865 99
43 866 57
43 867 10
43 868 90
44 872 46
44 873 66
44 876 77
44 877 52
44 878 42
44 880 74
44 882 16
44 884 45
44 886 47
44 887 4
44 888 84
44 890 41
44 891 34
45 892 54
45 894 87
45 895 53
45 896 13
45 897 69
45 898 83
45 900 88
45 901 69
45 904 63
46 906 5
46 907 97
46 908 13
46 911 65
46 912 10
46 913 46
47 914 17
47 916 10
47 920 62
47 921 79
47 923 62
47 924 32
47 925 13
47 927 12
47 928 57
48 929 61
48 930 100
48 931 98
48 933 43
48 935 7
48 938 24
48 939 45
48 941 8
49 944 85
49 947 88
49 948 81
49 949 58
49 952 79
49 953 41
49 954 10
49 956 63
49 958 67
50 959 22
50 960 37
50 963 8
50 964 27
50 966 38
50 967 37
50 969 7
50 970 53
50 971 31
51 972 68
51 974 1
51 976 37
51 979 17
51 980 16
51 981 47
51 982 100
51 986 78
51 989 13
51 990 81
51 993 37
52 995 25
52 997 11
52 999 88
52 1000 55
52 1007 36
52 1008 24
52 1009 32
53 1010 74
53 1013 78
53 1014 58
53 1016 95
53 1019 17
53 1021 66
53 1025 72
53 1027 13
53 1031 77
53 1032 26
53 1033 8
53 1035 10
53 1036 76
54 1037 51
54 1038 93
54 1043 7
54 1046 64
54 1049 89
54 1053 30
55 1055 1
55 1057 37
55 1064 4
55 1065 16
55 1071 32
56 1074 76
56 1076 98
56 1077 9
56 1078 97
56 1083 10
56 1084 17
57 1085 78
57 1086 76
57 1087 25
57 1094 58
57 1097 20
57 1100 93
57 1103 45
57 1105 58
57 1108 16
57 1109 73
57 1111 55
58 1113 26
58 1114 68
58 1115 38
58 1118 49
58 1119 97
58 1121 71
58 1123 37
58 1124 14
58 1128 43
58 1130 42
58 1132 79
58 1133 4
58 1134 82
58 1135 63
59 1136 20
59 1137 9
59 1138 12
59 1139 77
59 1140 83
59 1143 68
59 1144 24
59 1148 69
59 1152 21
59 1154 52
59 1155 21
59 1158 50
60 1159 63
60 1161 25
60 1171 92
60 1174 66
60 1175 72
60 1176 30
60 1178 70
61 1181 74
61 1182 84
61 1184 28
61 1186 69
61 1187 89
61 1194 12
61 1195 31
61 1196 25
61 1198 58
61 1199 40
61 1200 60
61 1201 61
62 1202 80
62 1204 25
62 1206 78
62 1209 87
62 1211 2
62 1217 66
62 1218 33
62 1220 48
62 1221 63
62 1222 92
63 1223 80
63 1224 92
63 1225 1
63 1226 88
63 1227 32
63 1228 24
63 1232 19
64 1234 36
64 1236 11
64 1237 25
64 1246 20
64 1251 58
64 1252 93
64 1254 65
64 1257 77
64 1258 6
65 1259 37
65 1260 32
65 1262 67
65 1266 93
65 1267 27
65 1271 21
65 1273 78
65 1274 5
65 1277 86
65 1280 8
65 1281 6
65 1282 13
65 1284 7
65 1289 72
65 1290 19
65 1293 95
66 1294 82
66 1295 70
66 1296 34
66 1297 72
66 1298 82
66 1300 87
66 1301 63
66 1302 1
66 1306 20
66 1308 42
66 1309 80
67 1310 10
67 1314 86
67 1318 80
67 1320 83
67 1321 81
67 1322 57
67 1323 20
67 1324 95
67 1328 87
67 1329 60
67 1331 23
67 1336 64
68 1344 84
68 1345 31
68 1346 29
68 1348 51
68 1349 100
68 1353 66
68 1354 98
69 1356 40
69 1357 84
69 1358 14
69 1359 54
69 1360 93
69 1362 25
69 1363 54
69 1364 14
69 1365 96
69 1366 12
69 1371 21
70 1376 70
70 1378 44
70 1383 69
70 1384 68
70 1385 52
70 1387 11
70 1388 16
70 1391 65
70 1393 92
70 1398 50
70 1399 41
70 1400 88
70 1402 24
70 1406 45
70 1407 39
71 1409 22
71 1413 68
71 1415 53
71 1417 53
71 1420 13
71 1422 57
71 1423 63
71 1425 52
71 1430 85
71 1431 1
71 1432 17
72 1433 28
72 1434 18
72 1437 21
72 1440 9
72 1443 11
72 1444 62
73 1445 91
73 1448 64
73 1450 91
73 1452 59
73 1453 5
73 1455 33
73 1456 43
73 1457 74
73 1458 11
73 1459 12
74 1460 58
74 1462 54
74 1463 15
74 1465 73
74 1469 1
74 1473 8
74 1474 22
75 1475 39
75 1477 61
75 1479 82
75 1484 35
75 1485 38
75 1487 83
75 1488 42
75 1489 11
75 1492 34
76 1495 38
76 1496 5
76 1498 10
76 1502 92
76 1503 50
76 1504 61
76 1507 72
76 1508 37
76 1509 60
76 1512 50
76 1514 76
77 1516 26
77 1517 88
77 1519 29
77 1520 81
77 1527 8
77 1528 56
77 1532 73
77 1534 8
77 1535 24
78 1537 98
78 1538 63
78 1546 13
78 1548 15
78 1549 39
78 1550 97
78 1552 20
78 1554 48
78 1556 64
79 1557 75
79 1558 59
79 1559 70
79 1562 33
79 1563 13
79 1564 68
79 1566 80
80 1569 23
80 1572 67
80 1573 49
80 1575 55
80 1578 64
80 1579 85
80 1580 48
80 1581 80
80 1582 1
80 1584 38
81 1585 24
81 1586 21
81 1589 12
81 1590 56
81 1591 39
81 1592 46
81 1596 20
81 1597 10
81 1598 78
81 1599 44
82 1601 9
82 1602 93
82 1606 77
82 1609 50
82 1610 3
82 1611 53
82 1613 14
82 1615 72
82 1617 75
82 1618 72
82 1621 5
83 1622 2
83 1623 87
83 1625 92
83 1627 1
83 1628 23
83 1630 16
83 1631 65
83 1632 58
83 1634 72
84 1636 14
84 1638 83
84 1639 78
84 1640 86
84 1642 51
84 1645 59
84 1646 71
84 1649 55
84 1650 10
84 1651 6
84 1652 11
85 1653 75
85 1655 92
85 1656 59
85 1657 67
85 1662 78
85 1664 84
85 1665 72
85 1666 16
85 1670 34
85 1671 92
85 1675 59
85 1678 22
85 1680 45
85 1682 84
86 1683 19
86 1685 74
86 1686 86
86 1687 41
86 1688 85
86 1691 28
86 1693 62
86 1695 29
86 1696 7
86 1698 16
87 1699 74
87 1705 15
87 1707 32
87 1709 55
87 1711 13
87 1712 33
87 1713 13
87 1716 40
88 1717 80
88 1720 13
88 1721 58
88 1723 19
88 1724 2
88 1726 48
88 1730 36
88 1734 88
88 1735 26
88 1736 94
88 1744 60
88 1748 34
89 1749 54
89 1750 8
89 1753 8
89 1754 53
89 1755 94
89 1757 91
89 1758 70
89 1760 34
89 1761 36
89 1767 24
89 1770 77
89 1772 62
89 1773 19
89 1775 16
90 1776 50
90 1777 80
90 1778 33
90 1780 3
90 1783 89
90 1787 36
90 1789 57
90 1791 6
91 1797 23
91 1798 35
91 1802 47
91 1803 5
91 1805 76
91 1806 94
91 1807 21
91 1808 49
91 1809 99
91 1815 88
92 1816 47
92 1817 98
92 1820 68
92 1821 21
92 1826 40
92 1827 74
92 1828 100
92 1830 17
92 1833 6
92 1834 57
93 1839 65
93 1843 35
93 1845 1
93 1847 18
93 1848 62
93 1849 57
93 1852 1
93 1854 30
93 1856 100
93 1858 5
93 1860 89
94 1861 28
94 1862 61
94 1863 97
94 1864 35
94 1865 83
94 1866 54
94 1867 49
94 1869 2
94 1870 5
94 1872 41
94 1873 37
94 1874 51
94 1875 23
94 1876 85
95 1879 82
95 1880 20
95 1882 73
95 1887 2
95 1891 91
95 1892 44
95 1894 70
95 1895 75
96 1896 80
96 1897 9
96 1898 86
96 1899 86
96 1902 23
96 1904 12
96 1905 79
96 1909 88
96 1911 3
96 1914 76
97 1915 22
97 1917 83
97 1918 17
97 1923 94
97 1925 71
97 1926 61
97 1927 82
97 1930 76
97 1931 13
98 1933 64
98 1935 52
98 1936 29
98 1937 49
98 1938 88
98 1939 58
98 1941 90
98 1943 91
98 1944 6
99 1945 90
99 1946 6
99 1947 90
99 1949 86
99 1950 68
99 1952 37
99 1958 6
99 1960 24
99 1961 60
99 1962 37
100 1963 89
100 1967 35
100 1968 52
100 1969 33
100 1973 67
100 1976 89
100 1978 36
100 1980 16
100 1981 70
100 1982 98
100 1984 88
100 1987 87
100 1989 91
100 2000 91
