14
1 7 18
10 8 14
15 9 15
17 11 14
32 12 1
36 13 15
54 14 19
55 16 18
66 17 6
108 18 10
130 19 16
134 21 4
134 22 3
151 24 18
156 26 4
177 27 20
179 32 8
181 34 8
198 36 10
201 39 16
201 40 4
204 41 14
210 43 4
224 45 9
225 48 6
239 50 19
255 53 20
257 55 7
261 56 11
267 58 5
286 61 13
305 63 14
306 69 4
318 70 18
323 72 1
332 73 11
358 75 12
359 77 1
367 80 4
371 81 1
379 83 1
382 86 14
401 90 19
413 93 4
420 95 17
445 96 11
448 97 15
481 99 1
484 102 20
505 103 13
526 106 15
532 107 10
546 109 3
547 113 10
551 114 12
554 116 11
555 120 20
558 124 4
565 127 11
577 131 1
589 132 4
590 135 11
592 136 12
598 139 10
608 140 19
615 143 7
631 145 20
634 148 11
639 151 2
649 153 17
652 154 5
700 156 5
705 157 19
712 158 17
721 160 12
731 161 5
732 162 1
738 163 19
738 164 12
749 166 1
763 167 4
774 168 12
776 169 2
798 170 6
809 171 1
820 173 19
845 176 15
850 177 10
874 178 14
878 185 1
879 186 6
899 190 13
916 191 4
927 192 9
930 194 18
948 195 9
956 196 11
961 197 5
977 198 16
998 200 18
