10000
84084 111 1538588
86384 563 74576
591309 626 1304914
2161025 1670 838123
2804822 2282 1604158
3323277 2777 410717
3379322 3623 1140583
3574161 4504 1160143
3613930 4788 340963
5252074 5593 568009
5471807 5948 298441
8200011 6728 1637306
9024040 6997 121171
9200908 7066 317407
10026262 7308 1545202
10260364 10673 1588720
11127359 14916 451621
11351950 15681 1352963
13081939 16808 830318
13304120 16856 1457136
15049441 17238 31753
16168509 19291 760895
17739963 21495 263236
18594751 24153 1784611
20020790 24711 1810832
20793918 24890 84364
20949755 25358 1751852
21703322 26940 203848
22889776 27545 1255452
23078860 28145 341111
23929713 28636 745550
24245960 29091 989448
24864916 30106 526235
25979035 30194 1571749
27638232 31365 349224
28505021 31626 668089
28614954 32582 886772
28965135 34325 260933
31439872 34749 408960
33862660 35002 1287257
33924516 40414 275346
34486386 42010 774703
34519892 43711 1959724
34823504 44558 872890
35191737 44670 851820
37618062 44937 627495
38193237 45323 734887
38525827 45407 1037108
38808309 45814 817393
39194161 45961 452501
43815425 46043 1684947
43933420 48049 785402
44718388 48763 429366
45927448 51704 1732745
46279453 52495 502757
46506143 52709 1134475
46741880 53145 1997918
47114879 54850 335776
47353931 54874 1783696
47607225 55349 1222867
48236097 56599 1206865
48439520 57122 1876492
49325512 59499 490792
49458986 60904 799941
50098035 62768 813757
51240880 62968 1594060
51897807 63068 419898
51953945 63369 578098
54676518 68961 475310
55835220 69685 1295564
57007324 70246 346023
57750527 70435 169086
58805632 71033 676900
59256540 72699 1693520
59344001 73015 471721
59701053 73651 407393
60542776 74253 550149
61106911 75630 834054
61702029 76738 995777
63637014 76959 1862877
64510907 77007 1276834
64668383 77046 433798
65238696 78035 895194
65708820 78742 1882904
66974516 81551 1708009
67119749 82724 224375
68372452 84748 1186767
68549815 86276 616304
69297957 87012 536631
69447074 87671 767582
69828929 87693 1269187
70596239 90413 1903726
70874619 90936 1567670
71032852 91746 1136426
73254666 92640 975159
73387847 93129 1743186
74118475 94286 152400
75099569 94834 825422
76697923 97158 1083115
77722711 97774 910261
80923234 98143 1995057
80952189 98868 534873
81384203 102505 410054
82344011 102647 1203854
82414687 102919 175776
83021273 106103 1854582
83700979 108622 1089556
84605924 108931 716163
85176242 109001 945049
87332554 110290 1482746
87464378 110680 999453
87796852 111138 940471
88848652 112290 601632
89342655 112992 1398401
89423259 113756 652264
89719754 114034 1829548
89916420 114316 298920
89947323 114455 377371
92164734 114982 1228202
92651980 116642 1783960
92804429 116814 1598583
93216333 118025 1811580
93396393 119114 438997
94427783 119398 976030
94655071 120095 363502
97754175 120172 1707657
99456188 121030 550931
100205649 121211 365582
101530699 122670 1966421
101581097 122753 996363
102730554 125486 1082152
103289076 127011 94046
103647627 127451 393171
106577802 128246 1988455
108218771 129507 1185158
108431227 129561 525094
108804115 130338 1348016
109190185 134257 669809
110398898 135232 1753862
111284572 138700 813967
111527897 139071 391174
111531100 139817 641879
113335591 140535 1693087
115103845 140624 987031
115377430 142233 913053
115431554 142631 1548027
116197143 143837 774380
116321873 145036 1969711
117091138 145160 823433
117703318 146045 1121952
118199610 149353 1465773
118984399 151241 1943302
119655642 151404 430188
120070126 151581 1518880
120490173 153058 895609
120548476 153178 137538
121267423 154962 997037
124818676 157788 1296203
125225364 160812 1318479
127124947 161626 1437124
127446723 163460 544089
128632096 164916 1082575
128762705 165090 984510
129367184 166552 1423597
129412464 167046 915124
129948865 168411 368763
129988595 168662 1178124
130220831 169652 1137847
130552126 170054 1923880
130687803 170964 944156
131204600 173466 1361675
134181458 174543 578723
135046737 178699 851432
136018551 179853 1168658
137349678 180640 704972
137446058 180774 796580
140164830 181446 1966195
141420722 182763 1940528
142161103 182820 904657
142934990 182858 1586037
143811611 185622 1158217
143831566 185685 778348
144768490 185696 806814
144996120 185785 836585
145534036 186358 350258
145751356 187358 15861
146595119 187657 1051558
147483532 188235 802601
148963665 190319 601237
152364255 190961 431514
153838214 192222 1527534
155721378 192800 526476
156454406 192802 1948911
156848787 193899 1036163
157160837 194299 553267
158295579 195165 303807
163498604 195273 1745109
165225318 195357 167508
165706779 198015 1962174
165903869 199197 787538
167963457 200984 1567897
168292835 203084 50056
168336220 204201 723225
169524678 204357 1564467
169606053 204531 345409
170411559 205401 766834
171313262 205659 79562
173205717 207392 1980558
174647298 207395 1943572
175223345 207534 836577
175535204 207731 1376115
176941274 211273 525915
177376894 211374 1341290
177605155 211801 1615736
178767760 211826 91860
179459083 213901 1112639
179617775 217004 408695
179996046 217684 1088461
180074490 219957 852928
180715936 220095 168344
182048271 221712 650843
183089437 222279 1418456
185242217 222770 652122
185984468 224301 695712
186428618 225551 843581
190369159 226905 681613
190658226 227879 208810
191375767 228743 35691
192825666 231428 1405484
194874528 232676 1521546
195111434 233503 948439
196566715 234792 1972435
197140871 236124 1180939
197225848 236386 1222765
197459196 236580 986482
200676939 237710 792841
201098414 238589 404551
201863902 240151 600119
203288093 240339 741176
205024135 241694 1593599
207543209 241970 278275
208040776 242386 1280688
210884687 242891 1498843
211145496 243043 405589
212294259 244055 1229821
213459923 244911 1437783
214810342 245055 1049806
216485980 245251 1094735
216616202 245270 449221
217885780 245436 768047
219596125 245762 637904
220005220 246883 1834621
220048637 246898 1238851
220710404 248383 566976
221127904 248591 935363
222648129 250115 1042343
226693621 252772 947071
227559556 252846 1302439
227725812 254353 1769143
228127128 255380 1308116
229803084 256142 1264736
231367545 259580 827178
232032813 260299 438735
233313724 260521 682268
233398522 261663 539875
233871161 262411 557581
234157105 262853 1517391
234254370 263735 1380697
235195297 264608 1563007
236066682 264925 725882
236143280 265325 1716044
236507137 265484 832273
236634258 266088 1721356
237874121 266114 83639
237955201 266299 741976
238320300 266931 60621
239225064 267507 1247376
244171024 268745 901987
245042252 270572 318198
245949930 270777 389306
247622091 270792 40538
248263273 271632 1972596
250057444 273378 914784
250086896 273571 685496
251606021 275515 1920177
252119417 276490 358884
252230485 277845 1525083
253497318 278519 1499828
254256220 279880 899152
256336768 280279 1542600
256830560 280367 115306
257691357 280768 308952
257996177 281978 1476378
258077413 282328 1254007
259181371 285133 1623791
260542916 285366 79596
261990846 285744 1118397
262467121 289550 1653662
265094611 289720 828232
266233527 289880 1232726
266388311 293948 1880607
266898515 295526 1884380
270415770 295732 1490471
270649487 297866 794025
270655129 298151 721358
270697085 299454 1859123
272825628 300237 404054
272918562 300561 1781474
273239726 300974 1075281
275947081 301413 214504
277117596 301517 835084
277246681 301816 1615935
278333843 301906 1282583
279385579 303121 259858
279554418 303456 1879564
281409027 306009 298042
281453214 306250 604638
281934979 306634 17830
284101463 306649 274688
285217344 307218 1852787
285869685 307828 1519952
286245358 308229 1756095
286759528 308354 711623
290067271 309670 629631
292798888 313730 1469631
293452603 314366 1963155
293580501 314739 231507
293655195 315081 1463220
294192417 316180 1874718
294405870 316715 796484
295705223 317159 1249140
295741963 318676 1175914
296356979 318739 1371693
298897645 318752 90640
301203981 318910 396145
302469469 319196 720069
303180325 319452 1818084
303243787 319799 6430
305712688 320385 1911866
306624514 320615 1979806
307614741 320729 933388
308822964 321935 941
311517961 322013 1492288
312244925 325837 1979198
313517517 325969 846680
314384010 326662 369569
314974535 326672 510364
317344093 329095 478901
318396315 329231 1518000
319338740 329537 151448
319631683 329871 221502
322919578 330049 174489
324059154 331729 1497206
327625761 333030 290321
331211610 333259 1226245
332884382 333980 663573
332973586 334415 1753077
332985601 335736 1957431
337482727 337705 1869320
337486261 337880 1358970
338314784 339426 552989
338403331 340001 1701630
340040769 341442 636153
342194331 341992 1911133
343168184 342586 24559
343613615 343128 1748608
344652193 345224 251682
347077198 347855 1524563
348178969 348382 733217
348616204 349944 1804410
348811267 350102 769246
349756326 350806 657549
349949755 351517 613686
350237154 351817 1223709
351070344 354190 1700814
351222381 354439 1292868
352050958 357126 1248106
353474903 357290 1939615
353657797 357733 1049655
354427295 357945 1116336
355207556 358644 198471
355223348 359305 56164
355976537 365826 813980
356871293 366438 46959
359225236 367333 980040
359242578 368448 1424060
360521650 369090 1279946
360842734 369881 1048524
361713383 370779 1953749
361813755 373424 902745
363159929 374109 1995178
364988342 374166 1466738
365816637 374934 827492
366488949 375753 1579043
367707585 376825 400499
368064761 377449 1779778
370352187 377877 1012005
370604422 378841 1034383
371358050 379150 725557
375150523 382254 900176
377340252 383138 1783134
377343946 383329 273211
377925665 383913 1121293
377965114 385937 1900671
378614663 387562 624271
378859176 389815 1472954
378888930 392041 1905354
379382952 395420 1049329
380261399 396113 270129
382578174 398139 1535874
383816527 398796 1891083
385869611 399248 1293772
387423581 400261 1249301
389628019 401728 1216406
390585119 401869 1773456
390801194 402199 607622
391731065 404474 1025385
391900805 406753 828935
395899440 408014 695848
396412466 408397 958329
397215686 408488 912489
400258744 408777 68786
401158268 409606 584309
403681563 410548 586159
404181688 411020 532775
405804599 413201 1622924
407045000 413378 608262
407209933 413497 123873
408508173 416047 723925
408575707 418624 1093336
409334627 419462 1796390
411610333 419519 842857
413182982 421565 513345
413705652 422668 1074999
414362806 422904 937748
414780912 423304 767896
415002953 423935 1343968
415825200 424009 1887384
419251296 424386 474577
419330414 424544 1615944
419867462 425211 1960837
420400197 425229 1830538
421288960 425988 592147
421400195 426956 1024363
424052706 427206 1499758
424166538 428212 1869943
424988140 428360 989597
425314494 428652 222904
426556001 429313 1928382
426671284 433550 1945282
427350235 433720 579295
430360980 436551 1593789
431005950 437312 1423805
432109525 437336 691656
432595550 438166 590688
432969046 438667 601984
433118633 439097 442218
433485575 439151 35566
433710179 441595 235294
435106636 444857 1566257
435546857 445879 429939
435861973 446502 1321852
436279150 447422 1819488
436461432 449819 1054191
437900416 451258 1012681
437928110 454667 1423833
438415349 454680 53527
439819314 454748 966430
441132408 456302 1708708
441716382 459318 973415
442353560 459760 657618
444695646 462534 1119926
444978221 463038 1982639
446138205 464304 147527
446941413 464892 719546
448292980 466364 951358
448374989 466672 156126
451043755 466925 442308
451109353 468510 993880
451839082 468873 1933552
453526594 469416 861642
453854178 470343 651960
454412972 470416 143982
455100060 471007 1674466
455633891 474411 1076326
457517400 474820 412495
458232707 475250 793894
458633348 476771 1803065
459173477 477445 1614564
459380634 477905 895430
460977657 478516 25502
461814563 481170 1106873
461885896 481259 1276941
462669259 482575 1878054
463157032 482711 914330
463845417 482798 172233
464383698 484493 742281
465443488 484712 1099360
466138616 485093 985475
466884055 486328 390041
467514963 486541 1878777
468684614 488481 805590
468762967 489554 187705
469492313 490262 1750019
471380101 490554 1134969
473284782 491027 117487
474098854 493100 1791267
476003503 494902 160663
477558822 495371 1166375
477900754 495732 1417699
478329723 497973 539822
478744841 498355 1388028
479904492 500477 304416
480385123 500520 584228
481135300 500523 829842
483422676 501371 148410
483764289 502658 1750159
483839228 506544 1020936
488527834 507585 603766
489102820 508360 1464762
489115892 509240 1137762
490194927 509531 1192833
490853016 509544 730273
490916526 510762 1481220
499292695 511968 1506195
500456579 514919 1448804
501154527 515558 365255
502403882 515669 1858132
502463518 515975 1700517
503962616 517016 1372305
505360880 518178 1327684
506449260 518556 87475
508134032 519026 615114
508594897 521039 1482412
510074330 521577 1055545
510393582 522504 1245709
510556228 523490 501760
511505322 530181 1063806
511567601 530768 274673
520717816 530833 1723793
521273984 531730 1321173
521446981 531969 1990216
521841395 532055 1875230
521861730 533809 883514
524470818 535218 1577144
524630660 535564 1681481
527050697 536153 556510
527195144 536497 1158306
528926185 540557 1049185
529981218 540978 565050
530371951 541977 1059512
530483716 542613 851210
536439195 543567 1018384
537635496 544304 100849
538276725 545036 1215786
538472432 545803 494308
539614260 546518 1670761
540506266 547748 1331581
541069802 549153 1332990
541379947 551952 1572064
542708782 553065 1639734
543821266 553502 928567
544479435 554401 938586
544733638 554537 1430201
546669519 554545 7586
549592534 555641 1094443
550579653 556761 1021175
551112229 556930 571392
553029608 558232 338664
555831939 558781 294894
556455473 558822 1523304
556846876 559275 1448199
557429393 559365 770364
557551349 559591 157762
558172493 561114 1563992
561099905 561467 670178
562345820 562294 871090
564026393 564049 400798
564552521 564441 1189830
565116028 566973 1293713
566892923 567015 100570
567414550 567130 1675861
567627485 568667 1266532
567717232 570286 131466
568356772 570934 1006712
568463431 571491 47514
568629938 574087 1418097
570659463 574959 800051
571846524 575245 1770805
573243636 576032 1124
576061537 576979 680889
576783055 577468 623723
579642952 578554 43821
581326629 580168 1375817
584406393 580980 268366
585066584 582467 868378
585191735 583455 1463373
587198840 586127 552613
588991121 586677 1050381
590162031 588261 444077
590275978 590397 1607901
592609469 591836 1297042
593437402 592371 1662619
593550215 593929 1284476
596111244 594411 891920
597888048 595020 1545944
598210377 596850 1970764
598733600 597386 322782
598973564 597720 1202059
599180684 601361 1423583
600207130 602332 1685468
600442307 603322 406153
600633911 603951 1812552
600996762 605904 116462
601581178 606535 1605896
602632444 607845 721618
602986815 607937 762430
604612301 608156 369628
605675328 609848 1876992
606061957 610791 1592287
606086948 613513 1945461
606251139 615253 13457
606587867 616709 154993
606864956 616729 379002
607227596 618677 1143240
607251618 619359 276412
607367443 619518 980385
608452376 619590 51971
610059360 620204 1483514
610836122 620241 1782671
610979729 620592 1198309
611739817 621610 783986
615449899 621835 1486121
615779105 623721 739358
617778551 623866 667246
618154671 624118 477298
618198882 625582 1530880
621631602 626767 848200
624842920 627098 1659703
625274503 627385 129784
627260094 627440 1536168
627434329 629595 1588420
628128033 631617 495970
628938644 632784 740138
629293586 633822 1189830
630361897 636776 1567800
631437712 637305 554619
633063280 637875 1417219
633863444 639790 1868806
635179309 640195 810816
635348657 641306 63838
637930418 641872 1818316
640814041 642602 1057130
642551036 644502 1823025
643177617 645204 659916
643274098 645481 1649967
643966963 645556 1547473
645645406 645899 1644497
646861460 646001 850161
647229182 649040 1269779
647386833 649096 974280
650113384 650074 1370372
651094974 650448 1385325
652689962 658267 305446
654889425 658690 160781
655903009 659379 1255578
656677598 659650 876559
657262368 659861 1513955
660405118 660445 352116
660439617 662174 1554609
661122010 663535 949622
663826886 664306 1644609
665836872 665275 121946
666423653 665977 151853
667292173 666772 236096
667344273 666826 484212
668560563 668245 879011
668677519 669330 600161
671132792 669956 1043283
674280540 669971 1260911
674303726 673558 1298283
675487867 673931 1822111
675512614 674547 1792302
675614487 679892 989861
677949664 681080 459636
679612137 682421 318021
680351382 683785 312685
680984471 684025 696007
683708543 685351 446606
684079393 685719 672709
685931479 687231 565778
686378442 687876 1320625
686783874 687930 1240050
687111582 688009 1956994
688964892 688081 276545
689452431 689332 1299417
691587941 694460 1291625
691812437 695015 27082
694506839 696577 377062
694794906 698829 1341986
698495687 699916 1855639
698961259 701300 1424204
698995251 702197 1347508
699174993 703511 156023
700769365 706891 1647014
702482606 709219 1095296
702899909 709267 484852
703072190 710300 554184
703568828 711749 85699
704827492 712367 917858
705082607 712624 447801
708455181 712915 1990357
709478705 715828 921090
710652611 716396 921802
711443277 716617 874500
712542921 719104 1978011
713120634 721016 326675
713417724 722295 1598296
713635184 723811 1111529
714456030 724116 479692
714659038 724832 64648
714829750 725130 1002582
714891892 725227 513294
714971507 725765 1892521
716335882 726611 956169
718044157 727723 352416
719628481 728193 1277477
720494785 728550 1868525
720707387 729663 213054
721337425 731567 394765
721421175 734508 282488
721485625 734760 1855796
726820850 735141 88520
731634144 735800 1642694
732378756 737336 1354807
734112723 737443 1709506
734607864 738284 1492232
735832452 738821 1585379
736906384 739064 241350
737499329 739825 451231
737580192 739912 904210
737637592 740034 783388
742794293 740263 1914633
743955680 741296 790975
744412145 743900 742985
746311019 745990 1987271
746505618 747318 214554
747240703 747468 1912912
748534000 747697 1159389
748951035 748766 943165
749808929 753230 659939
750049636 753901 1764689
750837826 755177 1780608
750911870 755540 352663
751152469 756664 1121159
751490118 756892 12817
751829969 760594 389176
753698823 760809 508978
754137323 761421 669493
754609819 761787 285378
754634415 764504 1422030
755174371 764948 1892291
755440424 765236 869861
755632438 766298 1043752
756044146 766311 984028
756589546 766715 626522
758332966 767371 891440
759229199 767782 1035741
760864728 768164 1893365
760910031 769628 95778
762899078 774858 249137
765221734 775056 181006
765876432 775252 303012
766946663 775974 1611685
768623324 776564 1440656
770024971 776736 1332976
770872470 777107 693160
775171662 777255 1281540
775654833 777924 1342650
777512111 780419 563900
777800263 780553 1242173
777959849 782138 621975
778470525 782189 791991
778662572 783029 455467
779630011 783321 1116743
780975016 783872 1126223
781320518 784631 1293022
781814878 786644 683461
783848213 786972 369835
783878631 788125 1179448
784766671 789552 581294
785214201 789950 1810418
785742193 791248 4102
791025008 791561 920366
791581618 794245 1258249
791608794 795336 1620775
791793584 795738 782333
793291148 796012 234389
794963927 796532 398766
795289993 797802 1989259
796366901 797943 159003
800532527 799506 305311
800622740 800680 820720
801048633 800981 436311
802082213 802294 82438
802432532 806854 1533993
802933455 807451 1650737
803101086 807827 890849
803447839 807988 1534009
804493650 808624 569751
805392552 809566 1750934
806244820 810405 1560320
806282464 810708 900038
806957152 811152 1492633
807468130 815167 749695
808048586 817254 455594
808070580 817710 136011
808530662 819337 1712812
809458446 819420 1375906
809985651 819791 1353459
810278891 819822 323208
811472203 820951 958554
812703489 821124 1075575
812908749 822762 984665
813799944 824512 91908
813852094 824521 1373803
815146995 824713 290815
816959686 826721 1384870
817391554 827969 155440
817469863 828016 79515
817708272 829065 881088
821225634 829875 1208596
822559362 830212 324449
823304041 832300 704068
823359179 833170 27314
826278315 834841 1071868
827251362 835691 1596561
828903033 837108 1282254
830103132 837526 107671
830447847 841134 1528884
830889296 841239 274957
831269695 842083 596369
831898622 844176 1540227
832619856 844898 1053401
833517720 846044 845323
834458878 846866 195438
835246222 847409 1065200
836275592 847700 625572
839326124 847940 1699897
839521937 848672 209418
840725870 850125 129342
840728049 850879 684159
840858778 850964 1170436
841369450 851408 178889
842378954 851502 1172472
843563949 853636 977874
843638692 853712 1270108
844929465 854789 691921
845784859 855396 1956293
849905495 859902 404194
851451195 860590 1744553
851810724 860918 1324190
854052995 861201 1453014
857151854 863109 34829
857306751 863343 1177604
857507258 863576 56199
860019398 866117 1320418
860116287 867759 1543551
861174278 867948 161989
862124135 868264 766547
862332256 869941 1701044
863776407 871858 1081366
863997496 872113 799689
864971331 874588 1736812
866192547 877322 601767
866913113 877634 146444
866954866 878210 1147639
868047860 878819 1952005
869118660 880400 1521168
869226367 880740 800758
869250561 880847 288123
871067780 882721 1513047
871608032 883017 249332
872233308 885007 296704
872328200 885177 74121
873488588 887639 1574028
874131564 889296 881465
876657258 891848 1746952
877518662 894092 1538206
877617563 894886 1108730
878444521 896221 1397843
878918399 898568 1788417
879965254 899098 1412189
880378031 900942 1237151
881757887 901394 1986686
885054120 901721 779303
885215121 901784 1360674
886513498 901843 778046
886559010 902502 1693398
887377128 902972 120116
888155365 904108 1951253
889024461 907128 894389
890022938 907699 510387
891421358 907921 285529
894729365 909504 1889718
894832769 910963 1866623
895155495 914005 480724
896483590 914101 1188327
897440710 915395 1593197
898003989 915880 1169662
899093321 916855 337080
902053222 917314 1557885
902368707 917747 450843
903039055 918285 1036891
903425808 918985 889598
903766469 919532 920629
903958414 921154 1312312
904228601 921227 406344
908302209 922432 755545
910200913 923782 1507453
912233252 924885 533926
912535671 925151 1527239
912910313 927225 1428073
915096281 929268 1898388
915875606 929594 1805458
918487445 932142 1481516
920432123 933755 1774328
921788851 934196 1059762
921919876 935239 640783
923552801 936099 392978
924176426 936717 1843145
924350531 936799 929229
925188412 938555 1631814
925228543 938982 1548536
926818417 939998 1713902
927948270 940463 1995240
928208328 941364 1988724
928517640 941833 1810324
929813014 942218 538965
931031535 943659 410992
931161865 943789 111459
931853947 943820 967960
933087663 945597 1615344
934961293 946058 1953749
935814241 946232 1135528
937022505 948906 205453
937682872 949716 1055134
938090265 951662 444009
938966640 952734 925542
939298851 953179 1608122
939547161 955829 569900
941222282 957317 1738470
943068413 957464 26731
943433459 958029 325382
943842320 958061 1363577
947138152 958112 393214
949588296 959045 449508
950527145 959604 637155
954153013 959746 1184399
955860596 960598 1645470
955889958 961655 1552416
956041516 963217 1212681
958017917 963250 893648
960657289 966613 1510828
961132538 967104 1495476
961673226 968419 1015789
963590647 972092 1703187
963619509 972221 1577865
964449475 972378 1912248
966423895 972616 1029707
969502013 973472 1734039
971340606 973672 1282628
972325634 974391 1120703
972559130 975320 559332
973300199 975826 524080
973792144 976198 1660758
975984959 977296 1921147
976132623 977993 1614728
976173013 977996 642441
977532868 979011 472739
977694287 979359 1234442
978837111 980109 4843
981140205 981922 898503
982259114 982381 1495466
982723802 982398 1325370
982972982 983029 38012
984580319 983134 263909
984673078 984927 243503
985509755 985653 641844
986056806 985789 295374
987760721 986289 487081
988075000 987845 1669837
988380509 991455 293003
990222305 991546 526565
993997926 993432 65971
995702673 994538 1881402
996004944 995224 205588
996502949 997440 1054041
998559830 998394 729109
999253744 998878 1975956
